000JAD LOGISTICA S.A                  COMERCIO VAREJISTA DE ARTIGOS ESPOR1409211109OCO14091151                          
340OCORR140911510                                                                                                       
34104884082000135JAD LOGISTICA S.A                                                                                      
342299562610001611  000052080004012021194353                                                                            
3432995626100016100000014371    000147471341
342299562610001611  000052070004012021194951                                                                            
3432995626100016100000014371    000147471532
342299562610001611  000052110004012021195600                                                                            
3432995626100016100000014371    000147471714
342299562610001611  000052090004012021200258                                                                            
3432995626100016100000014371    000147471938
342299562610001611  000052100004012021200847                                                                            
3432995626100016100000014371    000147472118
342299562610001611  000052099804012021201806                                                                            
3432995626100016100000014371    000147471938
342299562610001611  000052119804012021202102                                                                            
3432995626100016100000014371    000147471714
342299562610001611  000052109804012021202102                                                                            
3432995626100016100000014371    000147472118
342299562610001611  000052079804012021202102                                                                            
3432995626100016100000014371    000147471532