000JAD LOGISTICA S.A                  BASICO&CO                          0209211709OCO02091706                          
340OCORR020917060                                                                                                       
34104884082000135JAD LOGISTICA S.A                                                                                      
342111111111111111  000010010005072021175717                                                                            
342123838640001451  000010010005072021175717                                                                            
3431111111111111100000013151    000169317768
342123838640001451  000010010005072021175717                                                                            
3432222222222222200000013151    000169317768
342123838640001451  000010010005072021175717                                                                            
3433333333333333300000013151    000169317768
342123838640001451  000010010005072021175717                                                                            
3434444444444444400000013151    000169317768
342123838640001451  000010010005072021175717                                                                            
3435555555555555500000013151    000169317768